00000000000000000000000000000000
00000000000000000000000000000000
00000000000000000000000000000000
00000000000000000000000000000000
11111000000000000000000000000000
11111000000000000000000000000000
00000000000000000000000000000000
00000000000000000000000000000000
00000000000000000000000000000000
00000000000000000000000000000000
00000000000000000000000000000000
00000000000000000000000000000000
00000000000000000000000000000000
00000000000000000000000000000000
00000000000000000000000000000000
00000000000000000000000000000000
00000000000000000000000000000000
00000000000000000000000000000000
00000000000000000000000000000000
00000000000000000000000000000000
00000000000000000000000000000000
00000000000000000000000000000000
00000000000000000000000000000000
00000000000000000000000000000000
00000000000000000000000000000000
00000000000000000000000000000000
00000000000000000000000000000000
00000000000000000000000000000000
00000000000000000000000000000000
00000000000000000000000000000000
00000000000000000000000000000000
00000000000000000000000000000000
resources/stena_3.png
resources/1.png
resources/stena_3.png
resources/stena_3.png
resources/stena_3.png
resources/stena_3.png
resources/stena_3.png
resources/stena_3.png
resources/stena_3.png
resources/stena_3.png
00000000000000000000000000000000
00000220000000000000000000000000
00000220000000000000000000000000
00000220000000000000000000000000
00000220000000000000000000000000
00000220000000000000000000000000
00000220000000000000000000000000
00000220000000000000000000000000
00000220000000000000000000000000
00000220000000000000000000000000
00000220000000000000000000000000
00000000000000000000000000000000
00000000000000000000000000000000
00000000000000000000000000000000
00000000000000000000000000000000
00000000000000000000000000000000
00000000000000000000000000000000
00000000000000000000000000000000
00000000000000000000000000000000
00000000000000000000000000000000
00000000000000000000000000000000
00000000000000000000000000000000
00000000000000000000000000000000
00000000000000000000000000000000
00000000000000000000000000000000
00000000000000000000000000000000
00000000000000000000000000000000
00000000000000000000000000000000
00000000000000000000000000000000
00000000000000000000000000000000
00000000000000000000000000000000
00000000000000000000000000000000
resources/stena_3.png
resources/1.png
resources/1.png
resources/stena_3.png
resources/stena_3.png
resources/stena_3.png
resources/stena_3.png
resources/stena_3.png
resources/stena_3.png
resources/stena_3.png
